                         vars   n         mean           sd      median      trimmed
X...CASE                    1 176 2.973000e+02 1.016600e+02 2.91000e+02 2.912500e+02
pw1*                        2 176 8.756000e+01 5.086000e+01 8.75000e+01 8.750000e+01
pw2*                        3 176 7.423000e+01 4.982000e+01 7.35000e+01 7.355000e+01
memorized                   4 176 9.000000e-01 3.000000e-01 1.00000e+00 9.900000e-01
forgot                      5 176 1.000000e-01 3.000000e-01 0.00000e+00 0.000000e+00
failures                    6 176 1.500000e-01 3.600000e-01 0.00000e+00 7.000000e-02
writeDown                   7 176 2.480000e+00 7.200000e-01 3.00000e+00 2.600000e+00
numPwsCategories            8 176 1.480000e+00 7.300000e-01 1.00000e+00 1.360000e+00
reuse                       9 176 8.900000e-01 3.100000e-01 1.00000e+00 9.900000e-01
PW04                       10 176 1.390000e+00 1.690000e+00 1.00000e+00 1.300000e+00
Cat_strength               11 176 3.600000e-01 4.800000e-01 0.00000e+00 3.300000e-01
Cat_frequency              12 176 2.000000e-01 4.000000e-01 0.00000e+00 1.300000e-01
Cat_purpose                13 176 3.000000e-01 4.600000e-01 0.00000e+00 2.500000e-01
Cat_importance             14 176 4.000000e-01 4.900000e-01 0.00000e+00 3.800000e-01
Cat_length                 15 176 2.300000e-01 4.200000e-01 0.00000e+00 1.600000e-01
Cat_meaningfulness         16 176 4.000000e-02 2.000000e-01 0.00000e+00 0.000000e+00
Cat_other                  17 176 7.000000e-02 2.500000e-01 0.00000e+00 0.000000e+00
E1R                        18 176 3.160000e+00 1.150000e+00 3.00000e+00 3.190000e+00
E2                         19 176 3.740000e+00 9.100000e-01 4.00000e+00 3.810000e+00
E3R                        20 176 3.300000e+00 1.200000e+00 4.00000e+00 3.340000e+00
E4                         21 176 3.640000e+00 1.120000e+00 4.00000e+00 3.730000e+00
A1R                        22 176 2.910000e+00 9.900000e-01 3.00000e+00 2.890000e+00
A2                         23 176 3.620000e+00 1.150000e+00 4.00000e+00 3.720000e+00
A3R                        24 176 2.580000e+00 1.240000e+00 2.00000e+00 2.510000e+00
A4R                        25 176 2.950000e+00 1.200000e+00 3.00000e+00 2.950000e+00
C1                         26 176 4.090000e+00 8.400000e-01 4.00000e+00 4.200000e+00
C2R                        27 176 2.730000e+00 1.200000e+00 3.00000e+00 2.690000e+00
C3                         28 176 3.840000e+00 9.100000e-01 4.00000e+00 3.940000e+00
C4                         29 176 3.800000e+00 9.200000e-01 4.00000e+00 3.890000e+00
N1                         30 176 2.720000e+00 1.140000e+00 3.00000e+00 2.710000e+00
N2R                        31 176 2.840000e+00 1.110000e+00 3.00000e+00 2.850000e+00
N3                         32 176 3.360000e+00 1.210000e+00 4.00000e+00 3.420000e+00
N4                         33 176 3.100000e+00 1.110000e+00 3.00000e+00 3.090000e+00
O1                         34 176 4.210000e+00 8.600000e-01 4.00000e+00 4.350000e+00
O2                         35 176 4.180000e+00 8.300000e-01 4.00000e+00 4.280000e+00
O3                         36 176 4.030000e+00 8.600000e-01 4.00000e+00 4.130000e+00
O4                         37 176 3.980000e+00 1.090000e+00 4.00000e+00 4.140000e+00
O5R                        38 176 3.570000e+00 1.190000e+00 4.00000e+00 3.660000e+00
ControlItem                39 176 3.780000e+00 7.000000e-01 4.00000e+00 3.940000e+00
Openness                   40 176 1.997000e+01 3.340000e+00 2.00000e+01 2.021000e+01
Conscientiousness          41 176 1.445000e+01 2.750000e+00 1.50000e+01 1.452000e+01
Extraversion               42 176 1.384000e+01 3.630000e+00 1.40000e+01 1.398000e+01
Agreeableness              43 176 1.206000e+01 3.200000e+00 1.20000e+01 1.209000e+01
Neuroticism                44 176 1.202000e+01 3.440000e+00 1.20000e+01 1.202000e+01
Influence                  45 176 1.610000e+00 8.900000e-01 2.00000e+00 1.560000e+00
Influence_music            46 176 6.000000e-02 2.400000e-01 0.00000e+00 0.000000e+00
Influence_literature       47 176 5.000000e-02 2.100000e-01 0.00000e+00 0.000000e+00
Influence_TV               48 176 9.000000e-02 2.800000e-01 0.00000e+00 0.000000e+00
Influence_videogames       49 176 5.000000e-02 2.100000e-01 0.00000e+00 0.000000e+00
Influence_commercials      50 176 2.000000e-02 1.500000e-01 0.00000e+00 0.000000e+00
Influence_mnemonics        51 176 1.400000e-01 3.500000e-01 0.00000e+00 6.000000e-02
Influence_family           52 176 2.200000e-01 4.200000e-01 0.00000e+00 1.500000e-01
Influence_residency        53 176 3.000000e-02 1.800000e-01 0.00000e+00 0.000000e+00
Influence_experience       54 176 4.500000e-01 5.000000e-01 0.00000e+00 4.400000e-01
Code_None                  55 176 5.000000e-02 2.100000e-01 0.00000e+00 0.000000e+00
Code_keyboard              56 176 5.000000e-02 2.100000e-01 0.00000e+00 0.000000e+00
Code_hobby                 57 176 3.000000e-02 1.800000e-01 0.00000e+00 0.000000e+00
Code_situation             58 176 7.000000e-02 2.600000e-01 0.00000e+00 0.000000e+00
Code_oldPw                 59 176 1.400000e-01 3.400000e-01 0.00000e+00 5.000000e-02
Code_job                   60 176 2.000000e-02 1.500000e-01 0.00000e+00 0.000000e+00
Code_random                61 176 4.000000e-02 2.000000e-01 0.00000e+00 0.000000e+00
Code_domain_topic          62 176 1.500000e-01 3.600000e-01 0.00000e+00 6.000000e-02
Code_mnemonic              63 176 1.300000e-01 3.400000e-01 0.00000e+00 4.000000e-02
Code_leet                  64 176 5.000000e-02 2.100000e-01 0.00000e+00 0.000000e+00
generated                  65 176 2.070000e+00 2.600000e-01 2.00000e+00 2.000000e+00
gender*                    66 175 1.490000e+00 5.000000e-01 1.00000e+00 1.490000e+00
age                        67 176 2.562000e+01 6.470000e+00 2.40000e+01 2.453000e+01
occupation                 68 176 2.240000e+00 1.830000e+00 1.00000e+00 1.990000e+00
it_background              69 176 3.800000e-01 4.900000e-01 0.00000e+00 3.500000e-01
Length                     70 176 1.081000e+01 2.960000e+00 1.00000e+01 1.035000e+01
Upper                      71 176 1.060000e+00 1.400000e+00 1.00000e+00 8.100000e-01
Lower                      72 176 6.890000e+00 3.800000e+00 7.00000e+00 6.730000e+00
Digits                     73 176 2.340000e+00 2.050000e+00 2.00000e+00 2.100000e+00
Symbols                    74 176 4.800000e-01 7.600000e-01 0.00000e+00 3.200000e-01
Digits_Symbols             75 176 2.820000e+00 2.190000e+00 3.00000e+00 2.630000e+00
Dig_Symb_middle            76 176 1.990000e+00 1.780000e+00 2.00000e+00 1.780000e+00
                                  mad    min      max     range  skew kurtosis           se
X...CASE                       116.38 138.00 5.27e+02 3.890e+02  0.41    -0.84 7.660000e+00
pw1*                            65.23   1.00 1.75e+02 1.740e+02  0.01    -1.23 3.830000e+00
pw2*                            65.23   1.00 1.61e+02 1.600e+02  0.06    -1.28 3.760000e+00
memorized                        0.00   0.00 1.00e+00 1.000e+00 -2.60     4.80 2.000000e-02
forgot                           0.00   0.00 1.00e+00 1.000e+00  2.71     5.36 2.000000e-02
failures                         0.00   0.00 1.00e+00 1.000e+00  1.91     1.65 3.000000e-02
writeDown                        0.00   1.00 3.00e+00 2.000e+00 -1.02    -0.40 5.000000e-02
numPwsCategories                 0.00   1.00 3.00e+00 2.000e+00  1.14    -0.22 6.000000e-02
reuse                            0.00   0.00 1.00e+00 1.000e+00 -2.51     4.30 2.000000e-02
PW04                             1.48  -1.00 6.00e+00 7.000e+00  0.31    -0.24 1.300000e-01
Cat_strength                     0.00   0.00 1.00e+00 1.000e+00  0.56    -1.69 4.000000e-02
Cat_frequency                    0.00   0.00 1.00e+00 1.000e+00  1.45     0.11 3.000000e-02
Cat_purpose                      0.00   0.00 1.00e+00 1.000e+00  0.89    -1.22 3.000000e-02
Cat_importance                   0.00   0.00 1.00e+00 1.000e+00  0.39    -1.86 4.000000e-02
Cat_length                       0.00   0.00 1.00e+00 1.000e+00  1.29    -0.34 3.000000e-02
Cat_meaningfulness               0.00   0.00 1.00e+00 1.000e+00  4.67    19.92 1.000000e-02
Cat_other                        0.00   0.00 1.00e+00 1.000e+00  3.40     9.60 2.000000e-02
E1R                              1.48   1.00 5.00e+00 4.000e+00 -0.27    -0.88 9.000000e-02
E2                               1.48   1.00 5.00e+00 4.000e+00 -0.56    -0.02 7.000000e-02
E3R                              1.48   1.00 5.00e+00 4.000e+00 -0.24    -1.04 9.000000e-02
E4                               1.48   1.00 5.00e+00 4.000e+00 -0.65    -0.42 8.000000e-02
A1R                              1.48   1.00 5.00e+00 4.000e+00  0.18    -0.66 7.000000e-02
A2                               1.48   1.00 5.00e+00 4.000e+00 -0.68    -0.49 9.000000e-02
A3R                              1.48   1.00 5.00e+00 4.000e+00  0.37    -1.06 9.000000e-02
A4R                              1.48   1.00 5.00e+00 4.000e+00  0.00    -1.15 9.000000e-02
C1                               0.00   1.00 5.00e+00 4.000e+00 -1.02     1.09 6.000000e-02
C2R                              1.48   1.00 5.00e+00 4.000e+00  0.23    -1.01 9.000000e-02
C3                               0.00   1.00 5.00e+00 4.000e+00 -0.94     0.94 7.000000e-02
C4                               0.00   1.00 5.00e+00 4.000e+00 -0.94     0.60 7.000000e-02
N1                               1.48   1.00 5.00e+00 4.000e+00  0.13    -1.02 9.000000e-02
N2R                              1.48   1.00 5.00e+00 4.000e+00  0.14    -1.03 8.000000e-02
N3                               1.48   1.00 5.00e+00 4.000e+00 -0.35    -0.96 9.000000e-02
N4                               1.48   1.00 5.00e+00 4.000e+00 -0.08    -1.07 8.000000e-02
O1                               1.48   1.00 5.00e+00 4.000e+00 -1.22     1.39 6.000000e-02
O2                               1.48   2.00 5.00e+00 3.000e+00 -0.87     0.23 6.000000e-02
O3                               1.48   2.00 5.00e+00 3.000e+00 -0.74     0.01 7.000000e-02
O4                               1.48   1.00 5.00e+00 4.000e+00 -1.08     0.40 8.000000e-02
O5R                              1.48   1.00 5.00e+00 4.000e+00 -0.62    -0.70 9.000000e-02
ControlItem                      0.00   1.00 5.00e+00 4.000e+00 -2.13     4.05 5.000000e-02
Openness                         2.97  10.00 2.50e+01 1.500e+01 -0.62    -0.25 2.500000e-01
Conscientiousness                2.97   5.00 2.00e+01 1.500e+01 -0.37     0.28 2.100000e-01
Extraversion                     4.45   4.00 2.00e+01 1.600e+01 -0.42    -0.52 2.700000e-01
Agreeableness                    2.97   4.00 2.00e+01 1.600e+01 -0.04    -0.72 2.400000e-01
Neuroticism                      4.45   4.00 2.00e+01 1.600e+01 -0.02    -0.62 2.600000e-01
Influence                        1.48   0.00 4.00e+00 4.000e+00  0.55     0.26 7.000000e-02
Influence_music                  0.00   0.00 1.00e+00 1.000e+00  3.58    10.91 2.000000e-02
Influence_literature             0.00   0.00 1.00e+00 1.000e+00  4.33    16.82 2.000000e-02
Influence_TV                     0.00   0.00 1.00e+00 1.000e+00  2.95     6.72 2.000000e-02
Influence_videogames             0.00   0.00 1.00e+00 1.000e+00  4.33    16.82 2.000000e-02
Influence_commercials            0.00   0.00 1.00e+00 1.000e+00  6.35    38.55 1.000000e-02
Influence_mnemonics              0.00   0.00 1.00e+00 1.000e+00  2.03     2.15 3.000000e-02
Influence_family                 0.00   0.00 1.00e+00 1.000e+00  1.33    -0.23 3.000000e-02
Influence_residency              0.00   0.00 1.00e+00 1.000e+00  5.09    24.06 1.000000e-02
Influence_experience             0.00   0.00 1.00e+00 1.000e+00  0.20    -1.97 4.000000e-02
Code_None                        0.00   0.00 1.00e+00 1.000e+00  4.33    16.82 2.000000e-02
Code_keyboard                    0.00   0.00 1.00e+00 1.000e+00  4.33    16.82 2.000000e-02
Code_hobby                       0.00   0.00 1.00e+00 1.000e+00  5.09    24.06 1.000000e-02
Code_situation                   0.00   0.00 1.00e+00 1.000e+00  3.23     8.49 2.000000e-02
Code_oldPw                       0.00   0.00 1.00e+00 1.000e+00  2.10     2.43 3.000000e-02
Code_job                         0.00   0.00 1.00e+00 1.000e+00  6.35    38.55 1.000000e-02
Code_random                      0.00   0.00 1.00e+00 1.000e+00  4.67    19.92 1.000000e-02
Code_domain_topic                0.00   0.00 1.00e+00 1.000e+00  1.97     1.89 3.000000e-02
Code_mnemonic                    0.00   0.00 1.00e+00 1.000e+00  2.17     2.74 3.000000e-02
Code_leet                        0.00   0.00 1.00e+00 1.000e+00  4.33    16.82 2.000000e-02
generated                        0.00   2.00 3.00e+00 1.000e+00  3.23     8.49 2.000000e-02
gender*                          0.00   1.00 2.00e+00 1.000e+00  0.03    -2.01 4.000000e-02
age                              2.97  16.00 5.50e+01 3.900e+01  2.47     7.46 4.900000e-01
occupation                       0.00   1.00 6.00e+00 5.000e+00  0.93    -0.94 1.400000e-01
it_background                    0.00   0.00 1.00e+00 1.000e+00  0.49    -1.77 4.000000e-02
Length                           2.97   8.00 2.20e+01 1.400e+01  1.39     1.79 2.200000e-01
Upper                            1.48   0.00 9.00e+00 9.000e+00  2.03     5.99 1.100000e-01
Lower                            2.97   0.00 2.20e+01 2.200e+01  0.81     1.88 2.900000e-01
Digits                           2.97   0.00 9.00e+00 9.000e+00  0.88     0.57 1.500000e-01
Symbols                          0.00   0.00 3.00e+00 3.000e+00  1.63     2.17 6.000000e-02
Digits_Symbols                   1.48   0.00 9.00e+00 9.000e+00  0.62     0.04 1.700000e-01
Dig_Symb_middle                  1.48   0.00 7.00e+00 7.000e+00  0.75    -0.08 1.300000e-01
 [ reached getOption("max.print") -- omitted 17 rows ]
